function linedt = linedatas(num)
%         |  From |  To   |   R     |   X     |     B/2  |  X'mer  |
%         |  Bus  | Bus   |  pu     |  pu     |     pu   | TAP (a) |
%----------------------------------------------------------%
%%%% IEEE 14 Bus System %%%%
% | From | To | R | X | B/2 | X'mer |
% | Bus | Bus | pu | pu | pu | TAP (a) |
linedata14 = [ 1 2 0.01938 0.05917 0.0264 1;
1 5 0.05403 0.22304 0.0246 1;
2 3 0.04699 0.19797 0.0219 1;
2 4 0.05811 0.17632 0.0187 1;
2 5 0.05695 0.17388 0.0170 1;
3 4 0.06701 0.17103 0.0173 1;
4 5 0.01335 0.04211 0.0064 1;
4 7 0.0 0.20912 0.0 0.978;
4 9 0.0 0.55618 0.0 0.969;
5 6 0.0 0.25202 0.0 0.932;
6 11 0.09498 0.19890 0.0 1;
6 12 0.12291 0.25581 0.0 1;
6 13 0.06615 0.13027 0.0 1;
7 8 0.0 0.17615 0.0 1;
7 9 0.0 0.11001 0.0 1;
9 10 0.03181 0.08450 0.0 1;
9 14 0.12711 0.27038 0.0 1;
10 11 0.08205 0.19207 0.0 1;
12 13 0.22092 0.19988 0.0 1;
13 14 0.17093 0.34802 0.0 1];
%----------------------------------------------------------%
%%%% IEEE 30 Bus System %%%%
% | From |  To | R | X | B/2 | X'mer |
% | Bus | Bus | pu | pu | pu | TAP (a) |
linedata30 = [1 2 0.0192 0.0575 0.0264 1.0; 
1 3 0.0452 0.1652 0.0204   1.0; 
2 4 0.0570 0.1737 0.0184 1.0; 
3 4 0.0132 0.0379 0.0042 1.0; 
2 5 0.0472 0.1983 0.0209 1.0; 
2 6 0.0581 0.1763 0.0187 1.0; 
4 6 0.0119 0.0414 0.0045 1.0; 
5 7 0.0460 0.1160 0.0102 1.0; 
6 7    0.0267 0.0820 0.0085 1.0; 
6 8 0.0120 0.0420 0.0045 1.0; 
6 9 0.0 0.2080 0.0 0.978; 
6 10 0.0 0.5560 0.0   0.969; 
9 11 0.0 0.2080 0.0 1.0; 
9 10 0.0 0.1100 0.0 1.0; 
4 12 0.0 0.2560 0.0 0.932; 
12 13 0.0 0.1400 0.0 1.0; 
12 14 0.1231 0.2559 0.0 1.0; 
12 15 0.0662 0.1304 0.0 1.0; 
12 16 0.0945    0.1987 0.0 1.0; 
14 15 0.2210 0.1997 0.0 1.0; 
16 17 0.0524 0.1923 0.0 1.0; 
15 18 0.1073 0.2185 0.0 1.0; 
18 19 0.0639 0.1292 0.0 1.0; 
19 20 0.0340 0.0680 0.0 1.0; 
10 20 0.0936 0.2090 0.0 1.0; 
10 17 0.0324 0.0845 0.0 1.0; 
10 21 0.0348 0.0749 0.0 1.0; 
10 22 0.0727 0.1499 0.0 1.0; 
21 22    0.0116 0.0236 0.0 1.0; 
15 23 0.1000 0.2020 0.0 1.0; 
22 24 0.1150 0.1790 0.0 1.0; 
23 24 0.1320 0.2700 0.0 1.0; 
24 25 0.1885 0.3292 0.0 1.0; 
25 26 0.2544 0.3800 0.0 1.0; 
25 27    0.1093 0.2087 0.0 1.0; 
28 27 0.0 0.3960 0.0 0.968; 
27 29 0.2198 0.4153 0.0 1.0; 
27 30 0.3202 0.6027 0.0   1.0; 
29 30 0.2399 0.4533 0.0 1.0; 
8 28 0.0636 0.2000 0.0214 1.0; 
6 28 0.0169 0.0599 0.0065 1.0];
%----------------------------------------------------------%
%%%% Nigerian 56 bus system %%%%
% | From | To | R | X | B/2 | x'mer |
% | Bus | Bus | pu | pu | pu | TAP (a)|
linedata56 = [
               12	1	0.00066	0.00446	0.06627	1;
               3	12	0.0007	0.00518	0.06494	1;
              15	23	0.00254	0.01728	0.2568	1;
                3	30	0.011	0.0828	0.40572	1;
               10	4	0.0054	0.0405	0.36242	1;
               10	13	0.01033	0.07682	0.96261	1;
               14	13	0.00799	0.05434	0.80769	1;
                2	11	0.00438	0.0326	0.40572	1;
                6	17	0.00123	0.00914	0.1146	1;
                19	6	0.00258	0.0192	0.24065	1;
                24	2	0.00561	0.04176	0.52332	1;
                25	5	0.01029	0.07651	0.95879	1;
                24	5	0.00205	0.01393	0.2071	1;
                9	29	0.00471	0.03506	0.43928	1;
                33	14	0.01271	0.0945	1.18416	1;
                34	33	0.00643	0.04786	0.59972	1;
                30	32	0.00102	0.00697	0.10355	1;
                28	3	0.00566	0.04207	0.52714	1;
                36	37	0.00393	0.02926	0.36671	1;
                32	36	0.01082	0.08048	1.00844	1;
                29	41	0.00033	0.00223	0.03314	1;
                42	17	0.01	0.07438	0.93205	1;
                43	13	0.00332	0.02469	0.30941	1;
                22	19	0.00803	0.05975	0.74869	1;
                2	48	0.00943	0.07011	0.87857	1;
                7	48	0.00393	0.02926	0.36671	1;
                50	2	0.00614	0.0418	0.6213	1;
                30	10	0.0071	0.0532	0.38	1;
                2	25	0.00213	0.01449	0.21538	1;
                51	7	0.0079	0.0591	0.39	1;
                51	3	0.0016	0.0118	0.0932	1;
                15	54	0.0036	0.0312	0.458	1;
                2	15	0.0097	0.0195	0.0054	1;
                29	50	0.0056	0.0045	0.3781	1;
                30	36	0.0017	0.0235	0.0312	1;
                7	29	0.007	0.00815	0.0964	1;
                29	8	0.00524	0.00504	0.0492	1;
                42	44	0.00979	0.05445	0.07896	1;
                43	42	0.00312	0.00419	0.04116	1;
                3	7	0.0852	0.00291	0.04206	1;
                45	44	0.00165	0.01467	0.33523	1;
                52	14	0.00393	0.02269	0.56713	1;
                52	53	0.0182	0.08408	1.08044	1;
                7	9	0.10001	0.0756	0.5648	1;
                9	55	0.0233	0.06429	0.07885	1;
                29	55	0.0017	0.0325	0.3851	1;
                56	44	0.0709	0.0591	0.0309	1;
                22	44	0.00106	0.00118	0.039	1;
                 56	45	0.0083	0.332	0.9235	1;
                2	6	0.005	0.0056	0.0185	1;
                37	11	0.00502	0.563	0.354	1;
                15	29	0.0245	0.2035	0.526	1;
                29	54	0.356	0.0625	0.1535	1;
                16	15	0.0721	0.0507	0.2451	1;
                 39	19	0.00308	0.0957	0.0874	1;
                40	55	0.1023	0.01094	0.95927	1;
                46	56	0.3215	0.01597	0.325	1;
                47	48	0.0442	0.0043	0.241	1;
                49	50	0.00102	0.0245	0.0894	1;
                26	12	0.0548	0.056	0.0355	1;
                27	28	0.1325	0.2312	0.357	1;
                21	22	0.006	0.0354	0.259	1;
                31	30	0.0034	0.356	0.0785	1;
                20	24	0.015	0.0021	0.1154	1;
                18	25	0.0806	0.0314	0.869	1;
                35	11	0.0124	0.0165	0.476	1;
                38	6	0.354	0.0546	0.2245	1; ];
%----------------------------------------------------------%
%%%% IEEE 118 Bus System %%%%
% | From | To | R | X | B/2 | X'mer |
% | Bus | Bus | pu | pu | pu | TAP (a)|
